0 0 0 0 0 0 0 0 0 0 0 0 0 0 0 0 0 0 0 0
0 0 0 0 0 0 0 0 0 0 0 0 0 0 0 0 0 0 0 0
0 0 A A A A A A A 0 0 0 0 0 0 0 0 0 0 0 
0 0 0 0 0 0 0 0 0 0 0 0 0 0 0 0 0 0 0 0
0 T 0 0 0 0 0 0 0 0 0 0 0 0 0 0 0 0 0 0
0 T 0 0 0 0 0 0 0 0 0 0 0 0 0 0 0 0 0 0
0 T 0 0 0 0 0 0 0 0 0 0 0 0 0 0 0 0 0 0
0 T 0 0 0 0 0 0 0 0 T T T T T T T T T T
0 T 0 0 0 0 0 0 0 0 0 0 0 0 0 0 0 0 0 0
0 T 0 0 0 0 0 0 0 0 0 0 0 0 0 0 0 0 0 0
0 T 0 0 0 0 0 0 0 0 0 0 0 0 X 0 0 0 0 0
0 T 0 0 0 0 0 0 0 0 0 0 0 0 X 0 0 0 0 0
0 0 0 0 0 0 0 0 0 0 0 0 0 0 X 0 0 0 0 0
0 0 0 0 0 0 0 0 0 0 0 0 0 0 0 0 0 0 0 0
0 0 0 0 0 0 0 0 0 0 0 0 0 0 0 0 0 0 0 0
0 0 0 0 0 0 0 0 0 0 0 0 0 0 0 0 0 0 0 0
T T T 0 0 0 0 0 0 0 0 0 0 0 0 0 0 0 0 0 
0 0 0 0 0 0 0 0 0 0 0 0 0 0 0 0 0 0 0 T
0 0 0 0 0 0 0 0 0 0 0 0 0 0 0 0 0 0 0 T
0 0 0 0 0 0 0 0 0 0 0 0 0 0 0 0 0 0 0 T
